=== View Transform ===
0.0 0.0 0.0 0.0
0.0 0.0 0.0 0.0
0.0 0.0 0.0 0.0
0.0 0.0 0.0 0.0
=== Projection Transform ===
0.0 0.0 0.0 0.0
0.0 0.0 0.0 0.0
0.0 0.0 0.0 0.0
0.0 0.0 0.0 0.0
=== Intrinsic ===
994.638507 0.000000 931.443988
0.000000 990.890149 614.600425
0.000000 0.000000 1.000000
=== Distortion ===
-0.055194 -0.000718 -0.001118 -0.001756 
=== Position ===
0.0 0.0 0.0
=== Extrinsic ===
0.993539  0.000182  0.113490  37.461027
0.108169  -0.304123  -0.946472  336.777394
0.034343  0.952633  -0.302177  160.354711
0.000000  0.000000  0.000000  1.000000
